0509070225
0601030111
0601080116
0601080125
0601080208
0601080405
0601080415
0758010106
0701080301
0703070413
0701080808
0601080607
0601080611
0601080616
0601080617
0601080619
0601080620
0601080621
0601080629
0601080705
0601080719
0601080723
0601080916
0601081013
0601081018
0601081022
0601081026
0601090103
0601090116
0611250307
0701030109
0701030207
0701030212
0701030213
0701080105
0701080108
0701080109
0701080310
0701080314
0701080316
0701080327
0701080405
0701080420
0701080421
0701080502
0701080512
0701080517
0701080613
0701080614
0701080620
0701080706
0701080707
0701080709
0701080711
0701080722
0701080724
0701080811
0701080814
0701080916
0701080919
0701081003
0701081029
0701081116
0602040422
0602040415
0602040406
0602040121
0602040122
0604010415
0702040218
0702040416
0702040103
0702040320
0702040301
0607150418
0701080617
0506030106
0702040123
0702040424
0702040318
0702040308
0601080514
0702040412
0702040108
0702040216
0702040317
0604010306
0604010311
0604010319
0604010325
0604010417
0604010424
0604020106
0604020118
0604020122
0604020123
0704010108
0704010122
0704010205
0704010222
0704010319
0704010326
0704010405
0704010416
0704010417
0704010421
0704010427
0704010428
0704020103
0704020107
0704020124
0711250201
0606030118
0606030218
0606030226
0606020126
0606020123
0606020112
0606020120
0608140827
0606090115
0606090116
0706010219
0706010320
0706010314
0706010323
0706010316
0706010121
0706010201
0706010310
0707070118
